0.00010011196136474609
9.965896606445312e-05
0.0003001689910888672
9.97781753540039e-05
0.0005905866622924804
0.0002004384994506836
0.0006073713302612305
0.0007923603057861328
0.0008988618850708008
0.0010953664779663086
0.0016999959945678711
0.0018999338150024413
0.0022974252700805665
0.0026105403900146484
0.0036056995391845702
0.003594326972961426
0.004607653617858887
0.00489497184753418
0.0060944795608520504
0.006904101371765137
0.007304716110229492
0.009499835968017577
0.00959169864654541
0.010808992385864257
0.011694097518920898
0.013798952102661133
0.013402462005615234
0.016598987579345702
0.01729600429534912
0.01960577964782715
0.020794034004211426
0.023201608657836915
0.02479221820831299
0.05299651622772217
0.03600180149078369
0.03160281181335449
0.03368523120880127
0.03568170070648193
0.03899924755096436
0.04259393215179443
0.04539952278137207
0.04740374088287354
0.05080139636993408
0.05465607643127442
0.062307882308959964
0.08678267002105713
0.06531698703765869
0.06920595169067383
0.07380361557006836
0.07852697372436523
0.08153274059295654
0.11711485385894775
0.08939535617828369
0.09370896816253663
0.1009981632232666
0.10629785060882568
0.14239945411682128
0.11810159683227539
0.12288889884948731
0.12914907932281494
0.16624629497528076
0.14241325855255127
0.14800012111663818
0.18339138031005858
0.16351668834686278
0.17400062084197998
0.2058945417404175
0.18511993885040284
0.19300835132598876
0.23315091133117677
0.20738651752471923
0.261539363861084
0.22744016647338866
0.2763035297393799
0.2511245012283325
0.28540089130401614
0.26385858058929446
